-17.1905303858 -24.3997728508
-40.6218600286 19.5233466984
-27.7603008103 -73.9705675945
-65.1853516079 99.1408803039
-4.14317878859 61.6619134064
-70.2119374329 0.174254373265
98.823827786 -2.34664336925
-21.4273507642 -16.5611589168
-15.4303853562 93.8204447065
27.6489648871 40.6784820946
4.56164738952 49.4391722462
58.5694158556 -97.9339983169
-80.5183383921 29.3432011559
78.885171841 -91.7243198628
-19.9243335033 -32.6330130876
-20.6072479623 62.9332094198
-8.32755506668 64.8403031011
14.6376993003 14.2557936964
-47.2088224972 -42.5776176489
-24.1535705631 -18.6915468015
49.1985918494 -48.5886070232
-52.9786973697 -89.6807892391
-69.0808324965 93.2150747831
-87.2810975624 88.8883915376
36.1177360101 90.7176060067
-23.5127391123 41.373110917
65.5117805768 -50.9021586239
36.7202857343 -64.3498979717
-60.7815182279 72.7157169914
19.2407175016 30.6175854092
57.5963368918 -41.3780332476
21.8826673697 43.8465626074
85.7241481983 17.7825480746
72.9732703545 -51.8253238004
35.4353583279 65.2656752702
85.5465600539 83.148182572
66.913932078 -37.0942774344
65.2997795333 37.3965089115
67.21375037 -28.0752253418
27.9582905731 34.0483696388
-54.4063730265 32.0609078672
95.7019802661 -74.7994033133
75.7861841845 24.5036664505
53.3216702166 -34.465806741
-29.9659311241 82.282298037
-48.4247756355 -28.7116149866
86.0950836232 69.7583851975
-36.4109546068 -52.8515220867
87.8170101849 -97.0294884176
38.4687747777 63.1716275799
