0 0.0
1 1.14577901326
2 2.26412653472
3 3.44608671766
4 5.27534851008
5 7.24701036132
6 8.75787017934
7 10.4802422865
8 10.0829654832
9 11.5443102308
10 14.2965437221
11 15.056832802
12 14.7692277308
13 16.9156302551
14 16.0140788105
15 16.6965005632
16 22.2089094016
17 22.6743390335
18 22.9099806981
19 20.4036049148
20 28.4536009281
21 26.6722456168
22 24.5361626697
23 30.1071834881
24 31.4924210519
25 29.5575370105
26 36.6658573024
27 28.0282770748
28 41.4620881397
29 38.6513144868
30 43.9394735047
31 31.3061965257
32 37.3778240673
33 34.6350984849
34 46.0779925514
35 41.4325688545
36 51.4778482113
37 41.68234518
38 49.5841930801
39 53.8269641414
40 48.3889416139
41 49.7770979892
42 62.6100580796
43 59.8045591443
44 56.7925015926
45 56.1549182256
46 68.7154214048
47 70.3717488036
48 57.3817662437
49 50.6699474268